 &plot nbnd=   8, nks=    36 /
            0.500000  0.500000  0.500000 #(Kpoint)
   -3.329#(ENERGI MIN)   -0.699    5.045    5.045    7.838    9.588    9.588   13.992#(ENERGI Max)
            0.400000  0.400000  0.400000
   -3.784    0.001    5.117    5.117    7.919    9.664    9.664   14.104
            0.300000  0.300000  0.300000
   -4.533    1.477    5.329    5.329    8.154    9.782    9.782   13.844
            0.200000  0.200000  0.200000
   -5.149    3.259    5.663    5.663    8.508    9.612    9.612   12.344
            0.100000  0.100000  0.100000
   -5.535    5.111    6.043    6.043    8.846    9.105    9.105   10.605
            0.000000  0.000000  0.000000
   -5.666    6.240    6.240    6.240    8.813    8.813    8.813    9.716
            0.000000  0.000000  0.100000
   -5.623    5.969    6.065    6.065    8.709    9.042    9.042    9.977
            0.000000  0.000000  0.200000
   -5.492    5.325    5.666    5.666    8.439    9.602    9.602   10.516
            0.000000  0.000000  0.300000
   -5.274    4.523    5.204    5.204    8.086   10.329   10.329   10.708
            0.000000  0.000000  0.400000
   -4.971    3.658    4.756    4.756    7.722   10.159   11.141   11.141
            0.000000  0.000000  0.500000
   -4.585    2.769    4.355    4.355    7.392    9.396   12.004   12.004
            0.000000  0.000000  0.600000
   -4.117    1.874    4.015    4.015    7.125    8.676   12.900   12.900
            0.000000  0.000000  0.700000
   -3.572    0.985    3.746    3.746    6.939    8.062   13.821   13.821
            0.000000  0.000000  0.800000
   -2.954    0.115    3.551    3.551    6.845    7.573   14.762   14.762
            0.000000  0.000000  0.900000
   -2.269   -0.725    3.433    3.433    6.854    7.211   15.703   15.703
            0.000000  0.000000  1.000000
   -1.523   -1.523    3.393    3.393    6.974    6.974   16.370   16.370
            0.000000  0.100000  1.000000
   -1.508   -1.508    3.269    3.269    7.208    7.208   15.914   15.914
            0.000000  0.200000  1.000000
   -1.469   -1.469    2.985    2.985    7.824    7.824   14.751   14.751
            0.000000  0.300000  1.000000
   -1.417   -1.417    2.687    2.687    8.684    8.684   13.452   13.452
            0.000000  0.400000  1.000000
   -1.373   -1.373    2.472    2.472    9.687    9.687   12.186   12.186
            0.000000  0.500000  1.000000
   -1.356   -1.356    2.394    2.394   10.515   10.515   11.271   11.271
            0.000000  0.600000  1.000000
   -1.373   -1.373    2.472    2.472    9.687    9.687   12.186   12.186
            0.000000  0.700000  1.000000
   -1.417   -1.417    2.687    2.687    8.684    8.684   13.452   13.452
            0.000000  0.800000  1.000000
   -1.469   -1.469    2.985    2.985    7.824    7.824   14.751   14.751
            0.000000  0.900000  1.000000
   -1.508   -1.508    3.269    3.269    7.208    7.208   15.914   15.914
            0.000000  1.000000  1.000000
   -1.523   -1.523    3.393    3.393    6.974    6.974   16.370   16.370
            0.000000  0.900000  0.900000
   -1.563   -1.428    2.914    3.463    7.055    7.746   15.616   15.919
            0.000000  0.800000  0.800000
   -1.746   -1.146    2.183    3.669    7.293    9.409   14.353   14.924
            0.000000  0.700000  0.700000
   -2.190   -0.677    1.836    3.999    7.676   11.398   13.116   13.667
            0.000000  0.600000  0.600000
   -2.870   -0.025    1.984    4.429    8.174   12.002   12.295   13.128
            0.000000  0.500000  0.500000
   -3.621    0.805    2.498    4.916    8.717   11.040   11.385   12.422
            0.000000  0.400000  0.400000
   -4.317    1.806    3.249    5.398    9.165   10.244   10.565   12.015
            0.000000  0.300000  0.300000
   -4.893    2.961    4.146    5.798    9.339    9.620    9.895   11.924
            0.000000  0.200000  0.200000
   -5.319    4.237    5.085    6.065    9.173    9.261    9.366   11.493
            0.000000  0.100000  0.100000
   -5.579    5.516    5.890    6.201    8.903    8.979    9.066   10.308
            0.000000  0.000000  0.000000
   -5.666    6.240    6.240    6.240    8.813    8.813    8.813    9.716
