    3.6319   -5.4020
    3.6319   -5.0360

    3.6319   -5.4020
    3.6319   -5.0360

    3.6319   -3.4880
    3.6319   -5.0360

    3.6319   -3.4880
    3.6319   -3.1920

    3.6319   -3.4780
    3.6319   -3.1920

    3.6319   -3.4780
    3.6319   -3.1910

    3.6319   -2.9650
    3.6319   -2.6470

    3.6319   -2.9650
    3.6319   -2.6380

    3.6319   -2.3060
    3.6319   -2.6370

    3.6319   -2.3050
    3.6319   -2.6370

    3.6319   -2.1420
    3.6319   -2.1870

    3.6319   -2.1420
    3.6319   -2.1870

    3.6319   -1.7910
    3.6319   -2.1860

    3.6319   -1.7910
    3.6319   -1.7260

    3.6319   -1.3670
    3.6319   -1.6160

    3.6319   -1.3660
    3.6319   -0.8110

    3.6319    2.3820
    3.6319    1.8720

    3.6319    2.3820
    3.6319    3.6890

    3.6319    3.6540
    3.6319    3.6890

    3.6319    3.6540
    3.6319    3.6890

    3.6319    4.9260
    3.6319    3.7520

    3.6319    4.9260
    3.6319    4.9140

    3.6319    5.0690
    3.6319    5.0970

    3.6319    5.0690
    3.6319    5.2740

    3.6319    5.2090
    3.6319    5.3340

    3.6319    5.2090
    3.6319    5.3340

    3.6319    5.4220
    3.6319    5.3340

    3.6319    5.4230
    3.6319    5.8860

    3.6319    5.4750
    3.6319    5.8860

    3.6319    5.4750
    3.6319    5.8860

    3.6319    6.0210
    3.6319    6.2020

    3.6319    6.0210
    3.6319    6.3290

    3.6319    6.0340
    3.6319    6.3290

    3.6319    6.0340
    3.6319    6.3290

    3.6319    6.4120
    3.6319    6.5200

    3.6319    6.4120
    3.6319    6.8830

    3.6319    6.7900
    3.6319    6.8830

    3.6319    6.7910
    3.6319    6.8830

    3.6319    6.9330
    3.6319    6.9970

    3.6319    6.9340
    3.6319    7.0460

    3.6319    7.3320
    3.6319    7.2110

    3.6319    7.3320
    3.6319    7.2110

    3.6319    7.5390
    3.6319    7.2120

    3.6319    7.5390
    3.6319    7.4640

    3.6319    7.5970
    3.6319    7.4640

    3.6319    7.5970
    3.6319    7.4640

    3.6319    8.1250
    3.6319    7.5140

    3.6319    8.1250
    3.6319    7.5140

    3.6319    8.4190
    3.6319    7.5140

    3.6319    8.4200
    3.6319    7.6200

    3.6319    8.6510
    3.6319    8.7870

    3.6319    8.6510
    3.6319    8.7880

    3.6319    9.1500
    3.6319    8.7880

    3.6319    9.1500
    3.6319    8.7880

    3.6319    9.1990
    3.6319    8.9560

    3.6319    9.1990
    3.6319    8.9560

    3.6319    9.2700
    3.6319    8.9570

    3.6319    9.2700
    3.6319   10.0100

    3.6319    9.8940
    3.6319   10.0100

    3.6319    9.8950
    3.6319   10.0100

    3.6319   10.1060
    3.6319   10.1870

    3.6319   10.1060
    3.6319   10.1870

    3.6319   10.1670
    3.6319   10.1870

    3.6319   10.1670
    3.6319   10.2760

    3.6319   10.4570
    3.6319   10.2760

    3.6319   10.4570
    3.6319   10.2760

    3.6319   11.1900
    3.6319   10.5400

    3.6319   11.1900
    3.6319   11.0460

    3.6319   12.5500
    3.6319   12.6740

    3.6319   12.5500
    3.6319   12.6950

    3.6319   13.3200
    3.6319   12.7640

