    1.6437   -2.3290
    1.6437   -2.5140

    1.6437   -2.2020
    1.6437   -2.3850

    1.6437   -1.0420
    1.6437   -0.7540

    1.6437   -1.0360
    1.6437   -0.7480

    1.6437   -0.3170
    1.6437   -0.1630

    1.6437   -0.1870
    1.6437   -0.0010

    1.6437    0.2930
    1.6437    0.5880

    1.6437    0.3240
    1.6437    0.6080

    1.6437    1.1150
    1.6437    1.0780

    1.6437    1.1200
    1.6437    1.0830

    1.6437    1.7100
    1.6437    1.7410

    1.6437    1.8260
    1.6437    1.8710

    1.6437    2.2410
    1.6437    2.3190

    1.6437    2.2790
    1.6437    2.3830

    1.6437    4.6720
    1.6437    4.7760

    1.6437    4.8900
    1.6437    4.9960

    1.6437    5.2930
    1.6437    5.2960

    1.6437    5.3440
    1.6437    5.3910

    1.6437    5.3630
    1.6437    5.3950

