    1.6437   -3.2820
    1.6437   -3.2780

    1.6437   -3.2590
    1.6437   -3.2550

    1.6437   -2.0470
    1.6437   -2.0480

    1.6437   -2.0290
    1.6437   -2.0300

    1.6437   -1.1980
    1.6437   -1.1970

    1.6437   -1.1280
    1.6437   -1.1270

    1.6437    0.0190
    1.6437    0.0150

    1.6437    0.0260
    1.6437    0.0210

    1.6437    0.8220
    1.6437    0.8230

    1.6437    0.8370
    1.6437    0.8380

    1.6437    2.0040
    1.6437    1.8850

    1.6437    2.0050
    1.6437    1.8970

    1.6437    2.0160
    1.6437    2.1090

    1.6437    2.0210
    1.6437    2.1240

    1.6437    5.3250
    1.6437    5.3250

    1.6437    5.3310
    1.6437    5.3300

    1.6437    5.6530
    1.6437    5.6550

    1.6437    5.7060
    1.6437    5.7080

    1.6437    6.5070
    1.6437    6.5140

