    1.6437   -3.2660
    1.6437   -3.2460

    1.6437   -3.2430
    1.6437   -3.2240

    1.6437   -2.0490
    1.6437   -2.0520

    1.6437   -2.0320
    1.6437   -2.0360

    1.6437   -1.1920
    1.6437   -1.1850

    1.6437   -1.1230
    1.6437   -1.1160

    1.6437    0.0010
    1.6437   -0.0210

    1.6437    0.0060
    1.6437   -0.0160

    1.6437    0.8260
    1.6437    0.8290

    1.6437    0.8420
    1.6437    0.8470

    1.6437    1.7490
    1.6437    1.5970

    1.6437    1.7610
    1.6437    1.6090

    1.6437    2.1980
    1.6437    2.2730

    1.6437    2.2140
    1.6437    2.2910

    1.6437    5.3230
    1.6437    5.3160

    1.6437    5.3280
    1.6437    5.3250

    1.6437    5.6600
    1.6437    5.6680

    1.6437    5.7140
    1.6437    5.7250

    1.6437    6.5340
    1.6437    6.5680

