    1.6437   -2.9330
    1.6437   -2.8140

    1.6437   -2.8030
    1.6437   -2.6850

    1.6437   -0.0010
    1.6437   -0.2410

    1.6437    0.0050
    1.6437   -0.2350

    1.6437    0.2190
    1.6437    0.0750

    1.6437    0.4650
    1.6437    0.2830

    1.6437    0.8630
    1.6437    0.9500

    1.6437    0.8680
    1.6437    0.9550

    1.6437    1.3870
    1.6437    1.2590

    1.6437    1.3930
    1.6437    1.2650

    1.6437    1.6790
    1.6437    1.6120

    1.6437    1.8130
    1.6437    1.7630

    1.6437    2.5010
    1.6437    2.4520

    1.6437    2.6630
    1.6437    2.5790

    1.6437    5.2060
    1.6437    5.0370

    1.6437    5.3540
    1.6437    5.2210

    1.6437    5.4680
    1.6437    5.4200

    1.6437    5.5490
    1.6437    5.5270

    1.6437    5.7290
    1.6437    5.6380

