    1.6437   -2.3060
    1.6437   -2.2910

    1.6437   -2.2910
    1.6437   -2.2770

    1.6437   -2.2220
    1.6437   -2.2680

    1.6437   -2.2170
    1.6437   -2.2630

    1.6437   -1.3170
    1.6437   -1.2490

    1.6437   -1.2950
    1.6437   -1.2330

    1.6437   -0.7620
    1.6437   -0.7590

    1.6437   -0.7580
    1.6437   -0.7440

    1.6437   -0.2750
    1.6437   -0.2920

    1.6437   -0.2700
    1.6437   -0.2710

    1.6437    0.6240
    1.6437    0.6390

    1.6437    0.6280
    1.6437    0.6520

    1.6437    2.9760
    1.6437    2.9410

    1.6437    3.0010
    1.6437    2.9660

    1.6437    4.5280
    1.6437    4.5720

    1.6437    4.5330
    1.6437    4.5770

    1.6437    5.6940
    1.6437    5.7070

    1.6437    5.8670
    1.6437    5.8790

    1.6437    6.3930
    1.6437    6.3330

