    1.6437   -2.4160
    1.6437   -2.3410

    1.6437   -2.4050
    1.6437   -2.3320

    1.6437   -2.2600
    1.6437   -2.2790

    1.6437   -2.2470
    1.6437   -2.2650

    1.6437   -1.1100
    1.6437   -1.1740

    1.6437   -1.1000
    1.6437   -1.1670

    1.6437   -0.6670
    1.6437   -0.7220

    1.6437   -0.6620
    1.6437   -0.7160

    1.6437   -0.3060
    1.6437   -0.2980

    1.6437   -0.2750
    1.6437   -0.2720

    1.6437    0.6720
    1.6437    0.6520

    1.6437    0.6950
    1.6437    0.6710

    1.6437    2.8660
    1.6437    2.9090

    1.6437    2.8930
    1.6437    2.9350

    1.6437    4.6780
    1.6437    4.6190

    1.6437    4.6840
    1.6437    4.6230

    1.6437    5.7650
    1.6437    5.7330

    1.6437    5.9330
    1.6437    5.9030

    1.6437    6.2590
    1.6437    6.3070

