    1.6437   -2.3670
    1.6437   -2.5590

    1.6437   -2.3320
    1.6437   -2.5320

    1.6437   -1.5010
    1.6437   -1.4750

    1.6437   -1.4100
    1.6437   -1.4220

    1.6437   -1.2540
    1.6437   -1.3930

    1.6437   -1.2070
    1.6437   -1.3150

    1.6437    0.3790
    1.6437    0.2860

    1.6437    0.3850
    1.6437    0.2930

    1.6437    0.9790
    1.6437    0.9260

    1.6437    1.1030
    1.6437    1.0340

    1.6437    1.6890
    1.6437    1.7660

    1.6437    1.6980
    1.6437    1.7740

    1.6437    1.7930
    1.6437    1.7850

    1.6437    1.8240
    1.6437    1.8010

    1.6437    4.9670
    1.6437    5.0720

    1.6437    5.1650
    1.6437    5.2100

    1.6437    5.2090
    1.6437    5.2220

    1.6437    5.2230
    1.6437    5.2450

    1.6437    5.9910
    1.6437    6.1170

