    1.6437   -2.1870
    1.6437   -2.2200

    1.6437   -2.0970
    1.6437   -2.1650

    1.6437   -1.4520
    1.6437   -1.5310

    1.6437   -1.4110
    1.6437   -1.4570

    1.6437   -0.8520
    1.6437   -1.0570

    1.6437   -0.7790
    1.6437   -0.9990

    1.6437    0.5980
    1.6437    0.4830

    1.6437    0.6040
    1.6437    0.4900

    1.6437    1.1270
    1.6437    1.0470

    1.6437    1.2760
    1.6437    1.1840

    1.6437    1.4860
    1.6437    1.5920

    1.6437    1.4940
    1.6437    1.6000

    1.6437    1.9500
    1.6437    1.8570

    1.6437    1.9760
    1.6437    1.8840

    1.6437    4.8110
    1.6437    4.8780

    1.6437    5.0480
    1.6437    5.0980

    1.6437    5.2590
    1.6437    5.2250

    1.6437    5.2760
    1.6437    5.2410

    1.6437    5.7330
    1.6437    5.8610

