    1.6437   -3.2460
    1.6437   -3.2190

    1.6437   -3.2240
    1.6437   -3.1960

    1.6437   -2.0520
    1.6437   -2.0550

    1.6437   -2.0360
    1.6437   -2.0410

    1.6437   -1.1850
    1.6437   -1.1760

    1.6437   -1.1160
    1.6437   -1.1080

    1.6437   -0.0210
    1.6437   -0.0520

    1.6437   -0.0160
    1.6437   -0.0440

    1.6437    0.8290
    1.6437    0.8310

    1.6437    0.8470
    1.6437    0.8530

    1.6437    1.5970
    1.6437    1.4320

    1.6437    1.6090
    1.6437    1.4440

    1.6437    2.2730
    1.6437    2.3360

    1.6437    2.2910
    1.6437    2.3570

    1.6437    5.3160
    1.6437    5.3040

    1.6437    5.3250
    1.6437    5.3190

    1.6437    5.6680
    1.6437    5.6830

    1.6437    5.7250
    1.6437    5.7400

    1.6437    6.5680
    1.6437    6.6130

