    1.6437   -2.1120
    1.6437   -1.9700

    1.6437   -2.0930
    1.6437   -1.9230

    1.6437   -1.4620
    1.6437   -1.5820

    1.6437   -1.3860
    1.6437   -1.5240

    1.6437   -1.1960
    1.6437   -0.9370

    1.6437   -1.1760
    1.6437   -0.9060

    1.6437   -0.4100
    1.6437   -0.3290

    1.6437   -0.3210
    1.6437   -0.2410

    1.6437    0.5860
    1.6437    0.8030

    1.6437    0.5930
    1.6437    0.8080

    1.6437    1.4130
    1.6437    1.5130

    1.6437    1.4520
    1.6437    1.5710

    1.6437    2.2630
    1.6437    2.2190

    1.6437    2.2690
    1.6437    2.2270

    1.6437    4.6090
    1.6437    4.5490

    1.6437    4.8190
    1.6437    4.7540

    1.6437    5.4700
    1.6437    5.3920

    1.6437    5.5160
    1.6437    5.4630

    1.6437    5.6260
    1.6437    5.5360

