    1.6437   -2.4640
    1.6437   -2.4460

    1.6437   -2.4560
    1.6437   -2.4370

    1.6437   -2.0350
    1.6437   -1.8750

    1.6437   -2.0220
    1.6437   -1.8610

    1.6437   -1.0150
    1.6437   -1.0780

    1.6437   -0.9920
    1.6437   -1.0360

    1.6437   -0.4410
    1.6437   -0.4480

    1.6437   -0.4010
    1.6437   -0.3760

    1.6437   -0.3930
    1.6437   -0.1740

    1.6437   -0.3450
    1.6437   -0.1490

    1.6437    0.9060
    1.6437    1.0400

    1.6437    0.9240
    1.6437    1.0490

    1.6437    2.5920
    1.6437    2.4780

    1.6437    2.6100
    1.6437    2.4910

    1.6437    4.9270
    1.6437    4.9370

    1.6437    5.0020
    1.6437    5.0810

    1.6437    5.7590
    1.6437    5.6620

    1.6437    5.8520
    1.6437    5.7050

    1.6437    5.8730
    1.6437    5.8130

