    1.6437   -3.1830
    1.6437   -3.1410

    1.6437   -3.1610
    1.6437   -3.1190

    1.6437   -2.0610
    1.6437   -2.0680

    1.6437   -2.0490
    1.6437   -2.0580

    1.6437   -1.1640
    1.6437   -1.1500

    1.6437   -1.0970
    1.6437   -1.0840

    1.6437   -0.0870
    1.6437   -0.1250

    1.6437   -0.0750
    1.6437   -0.1080

    1.6437    0.8330
    1.6437    0.8330

    1.6437    0.8580
    1.6437    0.8600

    1.6437    1.2540
    1.6437    1.0670

    1.6437    1.2680
    1.6437    1.0810

    1.6437    2.3900
    1.6437    2.4370

    1.6437    2.4130
    1.6437    2.4620

    1.6437    5.2860
    1.6437    5.2620

    1.6437    5.3070
    1.6437    5.2860

    1.6437    5.7040
    1.6437    5.7330

    1.6437    5.7600
    1.6437    5.7860

    1.6437    6.6660
    1.6437    6.7000

