    1.6437   -2.6680
    1.6437   -2.5830

    1.6437   -2.6510
    1.6437   -2.5680

    1.6437   -2.1910
    1.6437   -2.2150

    1.6437   -2.1810
    1.6437   -2.2040

    1.6437   -1.0510
    1.6437   -1.0530

    1.6437   -1.0080
    1.6437   -1.0180

    1.6437   -0.3170
    1.6437   -0.4490

    1.6437   -0.3020
    1.6437   -0.4340

    1.6437   -0.2650
    1.6437   -0.3110

    1.6437   -0.2590
    1.6437   -0.2740

    1.6437    0.7430
    1.6437    0.7190

    1.6437    0.7750
    1.6437    0.7490

    1.6437    2.7240
    1.6437    2.7710

    1.6437    2.7530
    1.6437    2.8000

    1.6437    4.8900
    1.6437    4.8180

    1.6437    4.9000
    1.6437    4.8250

    1.6437    5.9300
    1.6437    5.8650

    1.6437    6.0690
    1.6437    6.0240

    1.6437    6.1170
    1.6437    6.1560

