    1.6437   -2.7540
    1.6437   -2.9300

    1.6437   -2.7300
    1.6437   -2.9070

    1.6437   -1.6240
    1.6437   -1.7690

    1.6437   -1.5910
    1.6437   -1.7420

    1.6437   -1.3390
    1.6437   -1.2820

    1.6437   -1.2520
    1.6437   -1.1990

    1.6437    0.2060
    1.6437    0.1390

    1.6437    0.2130
    1.6437    0.1460

    1.6437    0.8840
    1.6437    0.8550

    1.6437    0.9770
    1.6437    0.9300

    1.6437    1.7750
    1.6437    1.8160

    1.6437    1.8130
    1.6437    1.8540

    1.6437    1.8470
    1.6437    1.9050

    1.6437    1.8590
    1.6437    1.9180

    1.6437    5.1880
    1.6437    5.2480

    1.6437    5.2240
    1.6437    5.2570

    1.6437    5.2350
    1.6437    5.3090

    1.6437    5.3330
    1.6437    5.4270

    1.6437    6.2320
    1.6437    6.3310

