    1.6437   -2.5590
    1.6437   -2.7540

    1.6437   -2.5320
    1.6437   -2.7300

    1.6437   -1.4750
    1.6437   -1.6240

    1.6437   -1.4220
    1.6437   -1.5910

    1.6437   -1.3930
    1.6437   -1.3390

    1.6437   -1.3150
    1.6437   -1.2520

    1.6437    0.2860
    1.6437    0.2060

    1.6437    0.2930
    1.6437    0.2130

    1.6437    0.9260
    1.6437    0.8840

    1.6437    1.0340
    1.6437    0.9770

    1.6437    1.7660
    1.6437    1.7750

    1.6437    1.7740
    1.6437    1.8130

    1.6437    1.7850
    1.6437    1.8470

    1.6437    1.8010
    1.6437    1.8590

    1.6437    5.0720
    1.6437    5.1880

    1.6437    5.2100
    1.6437    5.2240

    1.6437    5.2220
    1.6437    5.2350

    1.6437    5.2450
    1.6437    5.3330

    1.6437    6.1170
    1.6437    6.2320

