    1.6437   -2.2940
    1.6437   -2.3030

    1.6437   -2.2800
    1.6437   -2.2880

    1.6437   -2.2770
    1.6437   -2.2360

    1.6437   -2.2710
    1.6437   -2.2310

    1.6437   -1.2460
    1.6437   -1.2980

    1.6437   -1.2300
    1.6437   -1.2780

    1.6437   -0.7500
    1.6437   -0.7610

    1.6437   -0.7420
    1.6437   -0.7540

    1.6437   -0.2890
    1.6437   -0.2800

    1.6437   -0.2700
    1.6437   -0.2690

    1.6437    0.6360
    1.6437    0.6260

    1.6437    0.6500
    1.6437    0.6350

    1.6437    2.9440
    1.6437    2.9670

    1.6437    2.9690
    1.6437    2.9930

    1.6437    4.5710
    1.6437    4.5390

    1.6437    4.5750
    1.6437    4.5440

    1.6437    5.7100
    1.6437    5.6980

    1.6437    5.8830
    1.6437    5.8710

    1.6437    6.3470
    1.6437    6.3780

