    1.6437   -3.2780
    1.6437   -3.2660

    1.6437   -3.2550
    1.6437   -3.2430

    1.6437   -2.0480
    1.6437   -2.0490

    1.6437   -2.0300
    1.6437   -2.0320

    1.6437   -1.1970
    1.6437   -1.1920

    1.6437   -1.1270
    1.6437   -1.1230

    1.6437    0.0150
    1.6437    0.0010

    1.6437    0.0210
    1.6437    0.0060

    1.6437    0.8230
    1.6437    0.8260

    1.6437    0.8380
    1.6437    0.8420

    1.6437    1.8850
    1.6437    1.7490

    1.6437    1.8970
    1.6437    1.7610

    1.6437    2.1090
    1.6437    2.1980

    1.6437    2.1240
    1.6437    2.2140

    1.6437    5.3250
    1.6437    5.3230

    1.6437    5.3300
    1.6437    5.3280

    1.6437    5.6550
    1.6437    5.6600

    1.6437    5.7080
    1.6437    5.7140

    1.6437    6.5140
    1.6437    6.5340

