    1.6437   -2.4320
    1.6437   -2.4640

    1.6437   -2.4250
    1.6437   -2.4560

    1.6437   -2.1580
    1.6437   -2.0350

    1.6437   -2.1450
    1.6437   -2.0220

    1.6437   -1.0130
    1.6437   -1.0150

    1.6437   -1.0060
    1.6437   -0.9920

    1.6437   -0.6310
    1.6437   -0.4410

    1.6437   -0.5880
    1.6437   -0.4010

    1.6437   -0.3700
    1.6437   -0.3930

    1.6437   -0.3180
    1.6437   -0.3450

    1.6437    0.7870
    1.6437    0.9060

    1.6437    0.8090
    1.6437    0.9240

    1.6437    2.7210
    1.6437    2.5920

    1.6437    2.7430
    1.6437    2.6100

    1.6437    4.8250
    1.6437    4.9270

    1.6437    4.8550
    1.6437    5.0020

    1.6437    5.7680
    1.6437    5.7590

    1.6437    5.9320
    1.6437    5.8520

    1.6437    6.0090
    1.6437    5.8730

