    1.6437   -3.0350
    1.6437   -2.9720

    1.6437   -3.0140
    1.6437   -2.9510

    1.6437   -2.0900
    1.6437   -2.1050

    1.6437   -2.0840
    1.6437   -2.1000

    1.6437   -1.1180
    1.6437   -1.1020

    1.6437   -1.0560
    1.6437   -1.0420

    1.6437   -0.2000
    1.6437   -0.2330

    1.6437   -0.1730
    1.6437   -0.2020

    1.6437    0.6730
    1.6437    0.4720

    1.6437    0.6890
    1.6437    0.4890

    1.6437    0.8240
    1.6437    0.8150

    1.6437    0.8560
    1.6437    0.8480

    1.6437    2.5190
    1.6437    2.5570

    1.6437    2.5470
    1.6437    2.5860

    1.6437    5.1900
    1.6437    5.1420

    1.6437    5.2140
    1.6437    5.1650

    1.6437    5.8140
    1.6437    5.8650

    1.6437    5.8530
    1.6437    5.8940

    1.6437    6.4470
    1.6437    6.3270

