    1.6437   -2.9300
    1.6437   -3.0780

    1.6437   -2.9070
    1.6437   -3.0550

    1.6437   -1.7690
    1.6437   -1.8880

    1.6437   -1.7420
    1.6437   -1.8650

    1.6437   -1.2820
    1.6437   -1.2410

    1.6437   -1.1990
    1.6437   -1.1640

    1.6437    0.1390
    1.6437    0.0870

    1.6437    0.1460
    1.6437    0.0940

    1.6437    0.8550
    1.6437    0.8350

    1.6437    0.9300
    1.6437    0.8930

    1.6437    1.8160
    1.6437    1.8750

    1.6437    1.8540
    1.6437    1.9100

    1.6437    1.9050
    1.6437    1.9500

    1.6437    1.9180
    1.6437    1.9640

    1.6437    5.2480
    1.6437    5.2760

    1.6437    5.2570
    1.6437    5.2830

    1.6437    5.3090
    1.6437    5.4300

    1.6437    5.4270
    1.6437    5.5220

    1.6437    6.3310
    1.6437    6.4090

