    1.6437   -3.1890
    1.6437   -3.2580

    1.6437   -3.1670
    1.6437   -3.2360

    1.6437   -1.9750
    1.6437   -2.0290

    1.6437   -1.9550
    1.6437   -2.0110

    1.6437   -1.2160
    1.6437   -1.2020

    1.6437   -1.1420
    1.6437   -1.1310

    1.6437    0.0490
    1.6437    0.0270

    1.6437    0.0570
    1.6437    0.0340

    1.6437    0.8250
    1.6437    0.8220

    1.6437    0.8650
    1.6437    0.8450

    1.6437    1.9370
    1.6437    1.9850

    1.6437    1.9650
    1.6437    1.9990

    1.6437    1.9810
    1.6437    2.0030

    1.6437    1.9960
    1.6437    2.0150

    1.6437    5.3010
    1.6437    5.3190

    1.6437    5.3070
    1.6437    5.3250

    1.6437    5.5400
    1.6437    5.6220

    1.6437    5.6110
    1.6437    5.6790

    1.6437    6.4650
    1.6437    6.4960

