    1.6437   -2.2620
    1.6437   -2.1120

    1.6437   -2.2490
    1.6437   -2.0930

    1.6437   -1.4520
    1.6437   -1.4620

    1.6437   -1.4360
    1.6437   -1.3860

    1.6437   -1.3090
    1.6437   -1.1960

    1.6437   -1.2400
    1.6437   -1.1760

    1.6437   -0.4500
    1.6437   -0.4100

    1.6437   -0.3650
    1.6437   -0.3210

    1.6437    0.3430
    1.6437    0.5860

    1.6437    0.3530
    1.6437    0.5930

    1.6437    1.2990
    1.6437    1.4130

    1.6437    1.3200
    1.6437    1.4520

    1.6437    2.3160
    1.6437    2.2630

    1.6437    2.3240
    1.6437    2.2690

    1.6437    4.7180
    1.6437    4.6090

    1.6437    4.9320
    1.6437    4.8190

    1.6437    5.5390
    1.6437    5.4700

    1.6437    5.5580
    1.6437    5.5160

    1.6437    5.7090
    1.6437    5.6260

