    1.6437   -2.5830
    1.6437   -2.4980

    1.6437   -2.5680
    1.6437   -2.4850

    1.6437   -2.2150
    1.6437   -2.2390

    1.6437   -2.2040
    1.6437   -2.2260

    1.6437   -1.0530
    1.6437   -1.0710

    1.6437   -1.0180
    1.6437   -1.0470

    1.6437   -0.4490
    1.6437   -0.5770

    1.6437   -0.4340
    1.6437   -0.5660

    1.6437   -0.3110
    1.6437   -0.3110

    1.6437   -0.2740
    1.6437   -0.2760

    1.6437    0.7190
    1.6437    0.6950

    1.6437    0.7490
    1.6437    0.7220

    1.6437    2.7710
    1.6437    2.8190

    1.6437    2.8000
    1.6437    2.8470

    1.6437    4.8180
    1.6437    4.7460

    1.6437    4.8250
    1.6437    4.7520

    1.6437    5.8650
    1.6437    5.8090

    1.6437    6.0240
    1.6437    5.9740

    1.6437    6.1560
    1.6437    6.2080

