    1.6437   -2.7500
    1.6437   -2.6680

    1.6437   -2.7320
    1.6437   -2.6510

    1.6437   -2.1670
    1.6437   -2.1910

    1.6437   -2.1590
    1.6437   -2.1810

    1.6437   -1.0580
    1.6437   -1.0510

    1.6437   -1.0090
    1.6437   -1.0080

    1.6437   -0.3010
    1.6437   -0.3170

    1.6437   -0.2640
    1.6437   -0.3020

    1.6437   -0.1110
    1.6437   -0.2650

    1.6437   -0.0930
    1.6437   -0.2590

    1.6437    0.7650
    1.6437    0.7430

    1.6437    0.7980
    1.6437    0.7750

    1.6437    2.6790
    1.6437    2.7240

    1.6437    2.7090
    1.6437    2.7530

    1.6437    4.9600
    1.6437    4.8900

    1.6437    4.9730
    1.6437    4.9000

    1.6437    5.9960
    1.6437    5.9300

    1.6437    6.0370
    1.6437    6.0690

    1.6437    6.0690
    1.6437    6.1170

