    1.6437   -2.5140
    1.6437   -2.6860

    1.6437   -2.3850
    1.6437   -2.5570

    1.6437   -0.7540
    1.6437   -0.4610

    1.6437   -0.7480
    1.6437   -0.4560

    1.6437   -0.1630
    1.6437   -0.0120

    1.6437   -0.0010
    1.6437    0.1810

    1.6437    0.5880
    1.6437    0.8770

    1.6437    0.6080
    1.6437    0.8910

    1.6437    1.0780
    1.6437    1.0030

    1.6437    1.0830
    1.6437    1.0080

    1.6437    1.7410
    1.6437    1.7590

    1.6437    1.8710
    1.6437    1.8950

    1.6437    2.3190
    1.6437    2.4020

    1.6437    2.3830
    1.6437    2.5000

    1.6437    4.7760
    1.6437    4.9090

    1.6437    4.9960
    1.6437    5.1150

    1.6437    5.2960
    1.6437    5.3180

    1.6437    5.3910
    1.6437    5.4270

    1.6437    5.3950
    1.6437    5.4980

