    1.6437   -3.2200
    1.6437   -3.2820

    1.6437   -3.0900
    1.6437   -3.2590

    1.6437    0.5970
    1.6437   -2.0470

    1.6437    0.6530
    1.6437   -2.0290

    1.6437    0.6530
    1.6437   -1.1980

    1.6437    0.6580
    1.6437   -1.1280

    1.6437    0.6580
    1.6437    0.0190

    1.6437    1.0270
    1.6437    0.0260

    1.6437    1.7440
    1.6437    0.8220

    1.6437    1.7440
    1.6437    0.8370

    1.6437    1.7500
    1.6437    2.0040

    1.6437    1.7500
    1.6437    2.0050

    1.6437    2.5620
    1.6437    2.0160

    1.6437    2.8130
    1.6437    2.0210

    1.6437    5.8470
    1.6437    5.3250

    1.6437    5.8470
    1.6437    5.3310

    1.6437    5.8530
    1.6437    5.6530

    1.6437    5.8530
    1.6437    5.7060

    1.6437    5.9960
    1.6437    6.5070

