    1.6437   -2.4460
    1.6437   -2.3770

    1.6437   -2.4370
    1.6437   -2.3670

    1.6437   -1.8750
    1.6437   -1.6780

    1.6437   -1.8610
    1.6437   -1.6640

    1.6437   -1.0780
    1.6437   -1.1800

    1.6437   -1.0360
    1.6437   -1.1220

    1.6437   -0.4480
    1.6437   -0.4610

    1.6437   -0.3760
    1.6437   -0.3810

    1.6437   -0.1740
    1.6437    0.0860

    1.6437   -0.1490
    1.6437    0.1030

    1.6437    1.0400
    1.6437    1.1750

    1.6437    1.0490
    1.6437    1.1810

    1.6437    2.4780
    1.6437    2.3860

    1.6437    2.4910
    1.6437    2.3960

    1.6437    4.9370
    1.6437    4.8460

    1.6437    5.0810
    1.6437    5.0470

    1.6437    5.6620
    1.6437    5.5940

    1.6437    5.7050
    1.6437    5.6020

    1.6437    5.8130
    1.6437    5.7740

