    1.6437   -2.3580
    1.6437   -2.4320

    1.6437   -2.3520
    1.6437   -2.4250

    1.6437   -2.2430
    1.6437   -2.1580

    1.6437   -2.2290
    1.6437   -2.1450

    1.6437   -1.1100
    1.6437   -1.0130

    1.6437   -1.1030
    1.6437   -1.0060

    1.6437   -0.7340
    1.6437   -0.6310

    1.6437   -0.7000
    1.6437   -0.5880

    1.6437   -0.3270
    1.6437   -0.3700

    1.6437   -0.2890
    1.6437   -0.3180

    1.6437    0.6950
    1.6437    0.7870

    1.6437    0.7150
    1.6437    0.8090

    1.6437    2.8470
    1.6437    2.7210

    1.6437    2.8710
    1.6437    2.7430

    1.6437    4.6870
    1.6437    4.8250

    1.6437    4.6980
    1.6437    4.8550

    1.6437    5.7370
    1.6437    5.7680

    1.6437    5.9060
    1.6437    5.9320

    1.6437    6.1940
    1.6437    6.0090

