    1.6437   -2.9730
    1.6437   -3.0800

    1.6437   -2.8430
    1.6437   -2.9490

    1.6437    0.0890
    1.6437    0.3190

    1.6437    0.0940
    1.6437    0.3240

    1.6437    0.2770
    1.6437    0.4040

    1.6437    0.5460
    1.6437    0.7200

    1.6437    0.8280
    1.6437    0.7550

    1.6437    0.8330
    1.6437    0.7600

    1.6437    1.3620
    1.6437    1.5340

    1.6437    1.3690
    1.6437    1.5400

    1.6437    1.7650
    1.6437    1.7610

    1.6437    1.8840
    1.6437    1.8510

    1.6437    2.5170
    1.6437    2.5430

    1.6437    2.6910
    1.6437    2.7500

    1.6437    5.2850
    1.6437    5.5120

    1.6437    5.4140
    1.6437    5.5850

    1.6437    5.4730
    1.6437    5.5970

    1.6437    5.5470
    1.6437    5.6580

    1.6437    5.7450
    1.6437    5.8500

