    1.6437   -2.9720
    1.6437   -2.9030

    1.6437   -2.9510
    1.6437   -2.8830

    1.6437   -2.1050
    1.6437   -2.1230

    1.6437   -2.1000
    1.6437   -2.1180

    1.6437   -1.1020
    1.6437   -1.0850

    1.6437   -1.0420
    1.6437   -1.0280

    1.6437   -0.2330
    1.6437   -0.2610

    1.6437   -0.2020
    1.6437   -0.2270

    1.6437    0.4720
    1.6437    0.2720

    1.6437    0.4890
    1.6437    0.2900

    1.6437    0.8150
    1.6437    0.8020

    1.6437    0.8480
    1.6437    0.8350

    1.6437    2.5570
    1.6437    2.5960

    1.6437    2.5860
    1.6437    2.6260

    1.6437    5.1420
    1.6437    5.0880

    1.6437    5.1650
    1.6437    5.1070

    1.6437    5.8650
    1.6437    5.9200

    1.6437    5.8940
    1.6437    5.9390

    1.6437    6.3270
    1.6437    6.2160

