    1.6437   -2.2200
    1.6437   -2.3670

    1.6437   -2.1650
    1.6437   -2.3320

    1.6437   -1.5310
    1.6437   -1.5010

    1.6437   -1.4570
    1.6437   -1.4100

    1.6437   -1.0570
    1.6437   -1.2540

    1.6437   -0.9990
    1.6437   -1.2070

    1.6437    0.4830
    1.6437    0.3790

    1.6437    0.4900
    1.6437    0.3850

    1.6437    1.0470
    1.6437    0.9790

    1.6437    1.1840
    1.6437    1.1030

    1.6437    1.5920
    1.6437    1.6890

    1.6437    1.6000
    1.6437    1.6980

    1.6437    1.8570
    1.6437    1.7930

    1.6437    1.8840
    1.6437    1.8240

    1.6437    4.8780
    1.6437    4.9670

    1.6437    5.0980
    1.6437    5.1650

    1.6437    5.2250
    1.6437    5.2090

    1.6437    5.2410
    1.6437    5.2230

    1.6437    5.8610
    1.6437    5.9910

