    1.6437   -2.2910
    1.6437   -2.3580

    1.6437   -2.2770
    1.6437   -2.3520

    1.6437   -2.2680
    1.6437   -2.2430

    1.6437   -2.2630
    1.6437   -2.2290

    1.6437   -1.2490
    1.6437   -1.1100

    1.6437   -1.2330
    1.6437   -1.1030

    1.6437   -0.7590
    1.6437   -0.7340

    1.6437   -0.7440
    1.6437   -0.7000

    1.6437   -0.2920
    1.6437   -0.3270

    1.6437   -0.2710
    1.6437   -0.2890

    1.6437    0.6390
    1.6437    0.6950

    1.6437    0.6520
    1.6437    0.7150

    1.6437    2.9410
    1.6437    2.8470

    1.6437    2.9660
    1.6437    2.8710

    1.6437    4.5720
    1.6437    4.6870

    1.6437    4.5770
    1.6437    4.6980

    1.6437    5.7070
    1.6437    5.7370

    1.6437    5.8790
    1.6437    5.9060

    1.6437    6.3330
    1.6437    6.1940

