    1.6437   -3.0780
    1.6437   -3.1890

    1.6437   -3.0550
    1.6437   -3.1670

    1.6437   -1.8880
    1.6437   -1.9750

    1.6437   -1.8650
    1.6437   -1.9550

    1.6437   -1.2410
    1.6437   -1.2160

    1.6437   -1.1640
    1.6437   -1.1420

    1.6437    0.0870
    1.6437    0.0490

    1.6437    0.0940
    1.6437    0.0570

    1.6437    0.8350
    1.6437    0.8250

    1.6437    0.8930
    1.6437    0.8650

    1.6437    1.8750
    1.6437    1.9370

    1.6437    1.9100
    1.6437    1.9650

    1.6437    1.9500
    1.6437    1.9810

    1.6437    1.9640
    1.6437    1.9960

    1.6437    5.2760
    1.6437    5.3010

    1.6437    5.2830
    1.6437    5.3070

    1.6437    5.4300
    1.6437    5.5400

    1.6437    5.5220
    1.6437    5.6110

    1.6437    6.4090
    1.6437    6.4650

