    1.6437   -2.6810
    1.6437   -2.5380

    1.6437   -2.5520
    1.6437   -2.4120

    1.6437   -0.4970
    1.6437   -0.7600

    1.6437   -0.4910
    1.6437   -0.7520

    1.6437   -0.0840
    1.6437   -0.2590

    1.6437    0.0880
    1.6437   -0.1180

    1.6437    1.0470
    1.6437    0.9870

    1.6437    1.0530
    1.6437    0.9940

    1.6437    1.1240
    1.6437    1.1530

    1.6437    1.1310
    1.6437    1.1590

    1.6437    1.5260
    1.6437    1.4260

    1.6437    1.6860
    1.6437    1.5900

    1.6437    2.3800
    1.6437    2.2880

    1.6437    2.4740
    1.6437    2.3520

    1.6437    4.9040
    1.6437    4.8150

    1.6437    5.1180
    1.6437    5.0510

    1.6437    5.4150
    1.6437    5.4490

    1.6437    5.5460
    1.6437    5.4570

    1.6437    5.5490
    1.6437    5.4760

