    1.6437   -2.3030
    1.6437   -2.3060

    1.6437   -2.2880
    1.6437   -2.2910

    1.6437   -2.2360
    1.6437   -2.2220

    1.6437   -2.2310
    1.6437   -2.2170

    1.6437   -1.2980
    1.6437   -1.3170

    1.6437   -1.2780
    1.6437   -1.2950

    1.6437   -0.7610
    1.6437   -0.7620

    1.6437   -0.7540
    1.6437   -0.7580

    1.6437   -0.2800
    1.6437   -0.2750

    1.6437   -0.2690
    1.6437   -0.2700

    1.6437    0.6260
    1.6437    0.6240

    1.6437    0.6350
    1.6437    0.6280

    1.6437    2.9670
    1.6437    2.9760

    1.6437    2.9930
    1.6437    3.0010

    1.6437    4.5390
    1.6437    4.5280

    1.6437    4.5440
    1.6437    4.5330

    1.6437    5.6980
    1.6437    5.6940

    1.6437    5.8710
    1.6437    5.8670

    1.6437    6.3780
    1.6437    6.3930

