    1.6437   -2.2650
    1.6437   -2.1870

    1.6437   -2.1530
    1.6437   -2.0970

    1.6437   -1.2620
    1.6437   -1.4520

    1.6437   -1.2430
    1.6437   -1.4110

    1.6437   -0.6470
    1.6437   -0.8520

    1.6437   -0.5560
    1.6437   -0.7790

    1.6437    0.7220
    1.6437    0.5980

    1.6437    0.7280
    1.6437    0.6040

    1.6437    1.2200
    1.6437    1.1270

    1.6437    1.3760
    1.6437    1.2760

    1.6437    1.3770
    1.6437    1.4860

    1.6437    1.3830
    1.6437    1.4940

    1.6437    2.0620
    1.6437    1.9500

    1.6437    2.0920
    1.6437    1.9760

    1.6437    4.7740
    1.6437    4.8110

    1.6437    5.0200
    1.6437    5.0480

    1.6437    5.3110
    1.6437    5.2590

    1.6437    5.3290
    1.6437    5.2760

    1.6437    5.6160
    1.6437    5.7330

