    1.6437   -2.9030
    1.6437   -2.8290

    1.6437   -2.8830
    1.6437   -2.8100

    1.6437   -2.1230
    1.6437   -2.1440

    1.6437   -2.1180
    1.6437   -2.1380

    1.6437   -1.0850
    1.6437   -1.0700

    1.6437   -1.0280
    1.6437   -1.0170

    1.6437   -0.2610
    1.6437   -0.2840

    1.6437   -0.2270
    1.6437   -0.2480

    1.6437    0.2720
    1.6437    0.0760

    1.6437    0.2900
    1.6437    0.0950

    1.6437    0.8020
    1.6437    0.7850

    1.6437    0.8350
    1.6437    0.8180

    1.6437    2.5960
    1.6437    2.6360

    1.6437    2.6260
    1.6437    2.6660

    1.6437    5.0880
    1.6437    5.0260

    1.6437    5.1070
    1.6437    5.0430

    1.6437    5.9200
    1.6437    5.9770

    1.6437    5.9390
    1.6437    5.9880

    1.6437    6.2160
    1.6437    6.1170

