    1.6437   -3.1410
    1.6437   -3.0910

    1.6437   -3.1190
    1.6437   -3.0700

    1.6437   -2.0680
    1.6437   -2.0780

    1.6437   -2.0580
    1.6437   -2.0700

    1.6437   -1.1500
    1.6437   -1.1350

    1.6437   -1.0840
    1.6437   -1.0700

    1.6437   -0.1250
    1.6437   -0.1630

    1.6437   -0.1080
    1.6437   -0.1410

    1.6437    0.8330
    1.6437    0.8300

    1.6437    0.8600
    1.6437    0.8600

    1.6437    1.0670
    1.6437    0.8730

    1.6437    1.0810
    1.6437    0.8880

    1.6437    2.4370
    1.6437    2.4790

    1.6437    2.4620
    1.6437    2.5060

    1.6437    5.2620
    1.6437    5.2300

    1.6437    5.2860
    1.6437    5.2550

    1.6437    5.7330
    1.6437    5.7700

    1.6437    5.7860
    1.6437    5.8170

    1.6437    6.7000
    1.6437    6.5740

