    1.6437   -3.1570
    1.6437   -3.2040

    1.6437   -3.0270
    1.6437   -3.0740

    1.6437    0.4980
    1.6437    0.5730

    1.6437    0.5030
    1.6437    0.6130

    1.6437    0.5070
    1.6437    0.6180

    1.6437    0.6990
    1.6437    0.6650

    1.6437    0.7040
    1.6437    0.6700

    1.6437    0.8730
    1.6437    0.9840

    1.6437    1.6530
    1.6437    1.7220

    1.6437    1.6590
    1.6437    1.7270

    1.6437    1.7550
    1.6437    1.7500

    1.6437    1.8070
    1.6437    1.7650

    1.6437    2.5560
    1.6437    2.5610

    1.6437    2.7870
    1.6437    2.8070

    1.6437    5.7160
    1.6437    5.8130

    1.6437    5.7260
    1.6437    5.8180

    1.6437    5.7450
    1.6437    5.8700

    1.6437    5.8050
    1.6437    5.8760

    1.6437    5.9270
    1.6437    5.9290

