    1.6437   -2.8140
    1.6437   -2.6810

    1.6437   -2.6850
    1.6437   -2.5520

    1.6437   -0.2410
    1.6437   -0.4970

    1.6437   -0.2350
    1.6437   -0.4910

    1.6437    0.0750
    1.6437   -0.0840

    1.6437    0.2830
    1.6437    0.0880

    1.6437    0.9500
    1.6437    1.0470

    1.6437    0.9550
    1.6437    1.0530

    1.6437    1.2590
    1.6437    1.1240

    1.6437    1.2650
    1.6437    1.1310

    1.6437    1.6120
    1.6437    1.5260

    1.6437    1.7630
    1.6437    1.6860

    1.6437    2.4520
    1.6437    2.3800

    1.6437    2.5790
    1.6437    2.4740

    1.6437    5.0370
    1.6437    4.9040

    1.6437    5.2210
    1.6437    5.1180

    1.6437    5.4200
    1.6437    5.4150

    1.6437    5.5270
    1.6437    5.5460

    1.6437    5.6380
    1.6437    5.5490

