    1.6437   -2.4980
    1.6437   -2.4160

    1.6437   -2.4850
    1.6437   -2.4050

    1.6437   -2.2390
    1.6437   -2.2600

    1.6437   -2.2260
    1.6437   -2.2470

    1.6437   -1.0710
    1.6437   -1.1100

    1.6437   -1.0470
    1.6437   -1.1000

    1.6437   -0.5770
    1.6437   -0.6670

    1.6437   -0.5660
    1.6437   -0.6620

    1.6437   -0.3110
    1.6437   -0.3060

    1.6437   -0.2760
    1.6437   -0.2750

    1.6437    0.6950
    1.6437    0.6720

    1.6437    0.7220
    1.6437    0.6950

    1.6437    2.8190
    1.6437    2.8660

    1.6437    2.8470
    1.6437    2.8930

    1.6437    4.7460
    1.6437    4.6780

    1.6437    4.7520
    1.6437    4.6840

    1.6437    5.8090
    1.6437    5.7650

    1.6437    5.9740
    1.6437    5.9330

    1.6437    6.2080
    1.6437    6.2590

