    1.6437   -3.2580
    1.6437   -3.2820

    1.6437   -3.2360
    1.6437   -3.2590

    1.6437   -2.0290
    1.6437   -2.0470

    1.6437   -2.0110
    1.6437   -2.0290

    1.6437   -1.2020
    1.6437   -1.1980

    1.6437   -1.1310
    1.6437   -1.1280

    1.6437    0.0270
    1.6437    0.0190

    1.6437    0.0340
    1.6437    0.0260

    1.6437    0.8220
    1.6437    0.8220

    1.6437    0.8450
    1.6437    0.8370

    1.6437    1.9850
    1.6437    2.0040

    1.6437    1.9990
    1.6437    2.0050

    1.6437    2.0030
    1.6437    2.0160

    1.6437    2.0150
    1.6437    2.0210

    1.6437    5.3190
    1.6437    5.3250

    1.6437    5.3250
    1.6437    5.3310

    1.6437    5.6220
    1.6437    5.6530

    1.6437    5.6790
    1.6437    5.7060

    1.6437    6.4960
    1.6437    6.5070

