    1.6437   -1.9700
    1.6437   -1.9850

    1.6437   -1.9230
    1.6437   -1.8760

    1.6437   -1.5820
    1.6437   -1.5270

    1.6437   -1.5240
    1.6437   -1.5220

    1.6437   -0.9370
    1.6437   -0.6910

    1.6437   -0.9060
    1.6437   -0.6370

    1.6437   -0.3290
    1.6437   -0.1910

    1.6437   -0.2410
    1.6437   -0.1150

    1.6437    0.8030
    1.6437    0.9770

    1.6437    0.8080
    1.6437    0.9820

    1.6437    1.5130
    1.6437    1.5970

    1.6437    1.5710
    1.6437    1.6750

    1.6437    2.2190
    1.6437    2.1910

    1.6437    2.2270
    1.6437    2.2030

    1.6437    4.5490
    1.6437    4.5470

    1.6437    4.7540
    1.6437    4.7500

    1.6437    5.3920
    1.6437    5.3250

    1.6437    5.4630
    1.6437    5.4080

    1.6437    5.5360
    1.6437    5.4510

