    1.6437   -3.0910
    1.6437   -3.0350

    1.6437   -3.0700
    1.6437   -3.0140

    1.6437   -2.0780
    1.6437   -2.0900

    1.6437   -2.0700
    1.6437   -2.0840

    1.6437   -1.1350
    1.6437   -1.1180

    1.6437   -1.0700
    1.6437   -1.0560

    1.6437   -0.1630
    1.6437   -0.2000

    1.6437   -0.1410
    1.6437   -0.1730

    1.6437    0.8300
    1.6437    0.6730

    1.6437    0.8600
    1.6437    0.6890

    1.6437    0.8730
    1.6437    0.8240

    1.6437    0.8880
    1.6437    0.8560

    1.6437    2.4790
    1.6437    2.5190

    1.6437    2.5060
    1.6437    2.5470

    1.6437    5.2300
    1.6437    5.1900

    1.6437    5.2550
    1.6437    5.2140

    1.6437    5.7700
    1.6437    5.8140

    1.6437    5.8170
    1.6437    5.8530

    1.6437    6.5740
    1.6437    6.4470

