    1.6437   -2.1430
    1.6437   -2.3290

    1.6437   -2.0200
    1.6437   -2.2020

    1.6437   -1.3120
    1.6437   -1.0420

    1.6437   -1.3050
    1.6437   -1.0360

    1.6437   -0.4860
    1.6437   -0.3170

    1.6437   -0.3940
    1.6437   -0.1870

    1.6437    0.0210
    1.6437    0.2930

    1.6437    0.0740
    1.6437    0.3240

    1.6437    1.0850
    1.6437    1.1150

    1.6437    1.0900
    1.6437    1.1200

    1.6437    1.6620
    1.6437    1.7100

    1.6437    1.7610
    1.6437    1.8260

    1.6437    2.1950
    1.6437    2.2410

    1.6437    2.2160
    1.6437    2.2790

    1.6437    4.5930
    1.6437    4.6720

    1.6437    4.8020
    1.6437    4.8900

    1.6437    5.2900
    1.6437    5.2930

    1.6437    5.3690
    1.6437    5.3440

    1.6437    5.3810
    1.6437    5.3630

