    1.6437   -2.3410
    1.6437   -2.2940

    1.6437   -2.3320
    1.6437   -2.2800

    1.6437   -2.2790
    1.6437   -2.2770

    1.6437   -2.2650
    1.6437   -2.2710

    1.6437   -1.1740
    1.6437   -1.2460

    1.6437   -1.1670
    1.6437   -1.2300

    1.6437   -0.7220
    1.6437   -0.7500

    1.6437   -0.7160
    1.6437   -0.7420

    1.6437   -0.2980
    1.6437   -0.2890

    1.6437   -0.2720
    1.6437   -0.2700

    1.6437    0.6520
    1.6437    0.6360

    1.6437    0.6710
    1.6437    0.6500

    1.6437    2.9090
    1.6437    2.9440

    1.6437    2.9350
    1.6437    2.9690

    1.6437    4.6190
    1.6437    4.5710

    1.6437    4.6230
    1.6437    4.5750

    1.6437    5.7330
    1.6437    5.7100

    1.6437    5.9030
    1.6437    5.8830

    1.6437    6.3070
    1.6437    6.3470

