    1.6437   -2.3940
    1.6437   -2.2650

    1.6437   -2.2720
    1.6437   -2.1530

    1.6437   -1.0200
    1.6437   -1.2620

    1.6437   -1.0090
    1.6437   -1.2430

    1.6437   -0.4480
    1.6437   -0.6470

    1.6437   -0.3340
    1.6437   -0.5560

    1.6437    0.8520
    1.6437    0.7220

    1.6437    0.8590
    1.6437    0.7280

    1.6437    1.2630
    1.6437    1.2200

    1.6437    1.2700
    1.6437    1.3760

    1.6437    1.3210
    1.6437    1.3770

    1.6437    1.4840
    1.6437    1.3830

    1.6437    2.1780
    1.6437    2.0620

    1.6437    2.2210
    1.6437    2.0920

    1.6437    4.7730
    1.6437    4.7740

    1.6437    5.0190
    1.6437    5.0200

    1.6437    5.3780
    1.6437    5.3110

    1.6437    5.3960
    1.6437    5.3290

    1.6437    5.5190
    1.6437    5.6160

