    1.7101   -3.2820
    1.7101   -2.3060

    1.7101   -3.2590
    1.7101   -2.2910

    1.7101   -2.0470
    1.7101   -2.2220

    1.7101   -2.0290
    1.7101   -2.2170

    1.7101   -1.1980
    1.7101   -1.3170

    1.7101   -1.1280
    1.7101   -1.2950

    1.7101    0.0190
    1.7101   -0.7630

    1.7101    0.0260
    1.7101   -0.7580

    1.7101    0.8220
    1.7101   -0.2750

    1.7101    0.8370
    1.7101   -0.2710

    1.7101    2.0040
    1.7101    0.6240

    1.7101    2.0050
    1.7101    0.6280

    1.7101    2.0160
    1.7101    2.9760

    1.7101    2.0210
    1.7101    3.0010

    1.7101    5.3250
    1.7101    4.5280

    1.7101    5.3310
    1.7101    4.5330

    1.7101    5.6530
    1.7101    5.6940

    1.7101    5.7060
    1.7101    5.8670

    1.7101    6.5070
    1.7101    6.3920

