    1.6437   -2.6860
    1.6437   -2.8410

    1.6437   -2.5570
    1.6437   -2.7110

    1.6437   -0.4610
    1.6437   -0.1760

    1.6437   -0.4560
    1.6437   -0.1710

    1.6437   -0.0120
    1.6437    0.1360

    1.6437    0.1810
    1.6437    0.3640

    1.6437    0.8770
    1.6437    0.9140

    1.6437    0.8910
    1.6437    0.9190

    1.6437    1.0030
    1.6437    1.1400

    1.6437    1.0080
    1.6437    1.1500

    1.6437    1.7590
    1.6437    1.7660

    1.6437    1.8950
    1.6437    1.8990

    1.6437    2.4020
    1.6437    2.4700

    1.6437    2.5000
    1.6437    2.6060

    1.6437    4.9090
    1.6437    5.0790

    1.6437    5.1150
    1.6437    5.2530

    1.6437    5.3180
    1.6437    5.3770

    1.6437    5.4270
    1.6437    5.4710

    1.6437    5.4980
    1.6437    5.6230

