    1.6437   -1.9850
    1.6437   -2.1430

    1.6437   -1.8760
    1.6437   -2.0200

    1.6437   -1.5270
    1.6437   -1.3120

    1.6437   -1.5220
    1.6437   -1.3050

    1.6437   -0.6910
    1.6437   -0.4860

    1.6437   -0.6370
    1.6437   -0.3940

    1.6437   -0.1910
    1.6437    0.0210

    1.6437   -0.1150
    1.6437    0.0740

    1.6437    0.9770
    1.6437    1.0850

    1.6437    0.9820
    1.6437    1.0900

    1.6437    1.5970
    1.6437    1.6620

    1.6437    1.6750
    1.6437    1.7610

    1.6437    2.1910
    1.6437    2.1950

    1.6437    2.2030
    1.6437    2.2160

    1.6437    4.5470
    1.6437    4.5930

    1.6437    4.7500
    1.6437    4.8020

    1.6437    5.3250
    1.6437    5.2900

    1.6437    5.4080
    1.6437    5.3690

    1.6437    5.4510
    1.6437    5.3810

