    1.6437   -2.3770
    1.6437   -2.2620

    1.6437   -2.3670
    1.6437   -2.2490

    1.6437   -1.6780
    1.6437   -1.4520

    1.6437   -1.6640
    1.6437   -1.4360

    1.6437   -1.1800
    1.6437   -1.3090

    1.6437   -1.1220
    1.6437   -1.2400

    1.6437   -0.4610
    1.6437   -0.4500

    1.6437   -0.3810
    1.6437   -0.3650

    1.6437    0.0860
    1.6437    0.3430

    1.6437    0.1030
    1.6437    0.3530

    1.6437    1.1750
    1.6437    1.2990

    1.6437    1.1810
    1.6437    1.3200

    1.6437    2.3860
    1.6437    2.3160

    1.6437    2.3960
    1.6437    2.3240

    1.6437    4.8460
    1.6437    4.7180

    1.6437    5.0470
    1.6437    4.9320

    1.6437    5.5940
    1.6437    5.5390

    1.6437    5.6020
    1.6437    5.5580

    1.6437    5.7740
    1.6437    5.7090

