    1.6437   -2.8410
    1.6437   -2.9730

    1.6437   -2.7110
    1.6437   -2.8430

    1.6437   -0.1760
    1.6437    0.0890

    1.6437   -0.1710
    1.6437    0.0940

    1.6437    0.1360
    1.6437    0.2770

    1.6437    0.3640
    1.6437    0.5460

    1.6437    0.9140
    1.6437    0.8280

    1.6437    0.9190
    1.6437    0.8330

    1.6437    1.1400
    1.6437    1.3620

    1.6437    1.1500
    1.6437    1.3690

    1.6437    1.7660
    1.6437    1.7650

    1.6437    1.8990
    1.6437    1.8840

    1.6437    2.4700
    1.6437    2.5170

    1.6437    2.6060
    1.6437    2.6910

    1.6437    5.0790
    1.6437    5.2850

    1.6437    5.2530
    1.6437    5.4140

    1.6437    5.3770
    1.6437    5.4730

    1.6437    5.4710
    1.6437    5.5470

    1.6437    5.6230
    1.6437    5.7450

