    1.6437   -2.5380
    1.6437   -2.3940

    1.6437   -2.4120
    1.6437   -2.2720

    1.6437   -0.7600
    1.6437   -1.0200

    1.6437   -0.7520
    1.6437   -1.0090

    1.6437   -0.2590
    1.6437   -0.4480

    1.6437   -0.1180
    1.6437   -0.3340

    1.6437    0.9870
    1.6437    0.8520

    1.6437    0.9940
    1.6437    0.8590

    1.6437    1.1530
    1.6437    1.2630

    1.6437    1.1590
    1.6437    1.2700

    1.6437    1.4260
    1.6437    1.3210

    1.6437    1.5900
    1.6437    1.4840

    1.6437    2.2880
    1.6437    2.1780

    1.6437    2.3520
    1.6437    2.2210

    1.6437    4.8150
    1.6437    4.7730

    1.6437    5.0510
    1.6437    5.0190

    1.6437    5.4490
    1.6437    5.3780

    1.6437    5.4570
    1.6437    5.3960

    1.6437    5.4760
    1.6437    5.5190

