    1.6437   -3.2040
    1.6437   -3.2200

    1.6437   -3.0740
    1.6437   -3.0900

    1.6437    0.5730
    1.6437    0.5970

    1.6437    0.6130
    1.6437    0.6530

    1.6437    0.6180
    1.6437    0.6530

    1.6437    0.6650
    1.6437    0.6580

    1.6437    0.6700
    1.6437    0.6580

    1.6437    0.9840
    1.6437    1.0270

    1.6437    1.7220
    1.6437    1.7440

    1.6437    1.7270
    1.6437    1.7440

    1.6437    1.7500
    1.6437    1.7500

    1.6437    1.7650
    1.6437    1.7500

    1.6437    2.5610
    1.6437    2.5620

    1.6437    2.8070
    1.6437    2.8130

    1.6437    5.8130
    1.6437    5.8470

    1.6437    5.8180
    1.6437    5.8470

    1.6437    5.8700
    1.6437    5.8530

    1.6437    5.8760
    1.6437    5.8530

    1.6437    5.9290
    1.6437    5.9960

