    1.6437   -2.8290
    1.6437   -2.7500

    1.6437   -2.8100
    1.6437   -2.7320

    1.6437   -2.1440
    1.6437   -2.1670

    1.6437   -2.1380
    1.6437   -2.1590

    1.6437   -1.0700
    1.6437   -1.0580

    1.6437   -1.0170
    1.6437   -1.0090

    1.6437   -0.2840
    1.6437   -0.3010

    1.6437   -0.2480
    1.6437   -0.2640

    1.6437    0.0760
    1.6437   -0.1110

    1.6437    0.0950
    1.6437   -0.0930

    1.6437    0.7850
    1.6437    0.7650

    1.6437    0.8180
    1.6437    0.7980

    1.6437    2.6360
    1.6437    2.6790

    1.6437    2.6660
    1.6437    2.7090

    1.6437    5.0260
    1.6437    4.9600

    1.6437    5.0430
    1.6437    4.9730

    1.6437    5.9770
    1.6437    5.9960

    1.6437    5.9880
    1.6437    6.0370

    1.6437    6.1170
    1.6437    6.0690

