    1.6437   -3.2190
    1.6437   -3.1830

    1.6437   -3.1960
    1.6437   -3.1610

    1.6437   -2.0550
    1.6437   -2.0610

    1.6437   -2.0410
    1.6437   -2.0490

    1.6437   -1.1760
    1.6437   -1.1640

    1.6437   -1.1080
    1.6437   -1.0970

    1.6437   -0.0520
    1.6437   -0.0870

    1.6437   -0.0440
    1.6437   -0.0750

    1.6437    0.8310
    1.6437    0.8330

    1.6437    0.8530
    1.6437    0.8580

    1.6437    1.4320
    1.6437    1.2540

    1.6437    1.4440
    1.6437    1.2680

    1.6437    2.3360
    1.6437    2.3900

    1.6437    2.3570
    1.6437    2.4130

    1.6437    5.3040
    1.6437    5.2860

    1.6437    5.3190
    1.6437    5.3070

    1.6437    5.6830
    1.6437    5.7040

    1.6437    5.7400
    1.6437    5.7600

    1.6437    6.6130
    1.6437    6.6660

