    1.6437   -3.0800
    1.6437   -3.1570

    1.6437   -2.9490
    1.6437   -3.0270

    1.6437    0.3190
    1.6437    0.4980

    1.6437    0.3240
    1.6437    0.5030

    1.6437    0.4040
    1.6437    0.5070

    1.6437    0.7200
    1.6437    0.6990

    1.6437    0.7550
    1.6437    0.7040

    1.6437    0.7600
    1.6437    0.8730

    1.6437    1.5340
    1.6437    1.6530

    1.6437    1.5400
    1.6437    1.6590

    1.6437    1.7610
    1.6437    1.7550

    1.6437    1.8510
    1.6437    1.8070

    1.6437    2.5430
    1.6437    2.5560

    1.6437    2.7500
    1.6437    2.7870

    1.6437    5.5120
    1.6437    5.7160

    1.6437    5.5850
    1.6437    5.7260

    1.6437    5.5970
    1.6437    5.7450

    1.6437    5.6580
    1.6437    5.8050

    1.6437    5.8500
    1.6437    5.9270

